[?25l[48;2;40;42;54m                    [0m
[48;2;40;42;54m                    [0m
[48;2;40;42;54m    [38;2;35;37;47;48;2;18;17;22m▌[38;2;48;95;125;48;2;24;28;37m▗[38;2;40;78;102;48;2;25;25;32m▄[38;2;37;73;95m▄▄▄[38;2;36;71;93m▄[38;2;26;48;65;48;2;21;20;26m▖[38;2;95;92;92;48;2;20;20;26m▗[38;2;107;104;104;48;2;25;25;32m▄[38;2;89;86;86;48;2;20;20;26m▖[38;2;28;28;37;48;2;40;42;54m▌    [0m
[48;2;40;42;54m    [38;2;34;36;46;48;2;8;0;0m▌[38;2;30;52;68;48;2;67;139;183m▌[38;2;38;77;103;48;2;54;112;147m▗[48;2;51;107;139m▄▄▄[38;2;37;76;102;48;2;50;104;136m▄[38;2;35;71;95;48;2;11;8;11m▌[38;2;8;0;0;48;2;135;135;135m▌[38;2;139;139;139;48;2;167;167;167m▌[38;2;127;125;125;48;2;8;0;0m▌[38;2;25;25;32;48;2;40;42;54m▌    [0m
[48;2;40;42;54m    [38;2;34;36;46;48;2;8;0;0m▌[38;2;30;52;68;48;2;67;139;183m▌[38;2;56;117;154;48;2;46;95;126m▌[38;2;50;105;137;48;2;42;85;116m▄▄▄[38;2;49;103;134;48;2;41;84;114m▄[38;2;35;71;95;48;2;11;8;11m▌[38;2;8;0;0;48;2;135;135;135m▌[38;2;167;167;167;48;2;137;137;137m▝[38;2;116;114;114;48;2;8;0;0m▌[38;2;25;25;32;48;2;40;42;54m▌    [0m
[48;2;40;42;54m    [38;2;34;36;46;48;2;8;0;0m▌[38;2;30;52;68;48;2;67;139;183m▌[38;2;59;123;161;48;2;51;107;139m▌   [38;2;51;107;139;48;2;49;102;133m▌[38;2;35;71;95;48;2;11;8;11m▌[38;2;8;0;0;48;2;135;135;135m▌[38;2;165;165;165;48;2;141;141;141m▝[38;2;119;117;117;48;2;8;0;0m▌[38;2;25;25;32;48;2;40;42;54m▌    [0m
[48;2;40;42;54m    [38;2;34;36;46;48;2;8;0;0m▌[38;2;28;48;63;48;2;62;130;170m▌[38;2;59;123;161;48;2;47;99;130m▘[38;2;42;86;114;48;2;51;107;139m▄▄▄[38;2;35;71;95;48;2;42;87;115m▄[48;2;11;8;11m▌[38;2;8;0;0;48;2;135;135;135m▌[38;2;151;151;151m▝[38;2;109;107;107;48;2;8;0;0m▌[38;2;25;25;32;48;2;40;42;54m▌    [0m
[48;2;40;42;54m    [38;2;8;0;0;48;2;35;36;47m▝[38;2;14;15;19;48;2;30;36;46m▘[38;2;33;34;44;48;2;19;29;39m▄[48;2;18;26;35m▄▄▄▄[38;2;9;3;4;48;2;28;31;41m▝[38;2;8;0;0;48;2;41;40;46m▘[38;2;33;34;44;48;2;55;50;50m▄[38;2;8;0;0;48;2;36;35;41m▝[38;2;25;25;32;48;2;38;40;52m▘[48;2;40;42;54m    [0m
[48;2;40;42;54m                    [0m
[48;2;40;42;54m                    [0m
[?25h