[?25l[48;2;40;42;54m             [38;2;41;42;54m▗[38;2;44;45;57m▗[38;2;59;59;70;48;2;44;45;57m▗[38;2;80;80;88;48;2;43;44;56m▄[38;2;65;65;75;48;2;42;44;56m▄[38;2;48;48;60;48;2;41;42;54m▄[38;2;44;45;57;48;2;40;42;54m▖  [0m
[48;2;40;42;54m        [38;2;45;46;58m▗[38;2;60;60;71;48;2;43;44;56m▗[38;2;91;91;98;48;2;44;45;57m▄[38;2;114;114;118;48;2;48;49;60m▄[38;2;90;90;96;48;2;47;47;59m▄[38;2;94;94;102;48;2;50;51;62m▗[38;2;153;153;155;48;2;97;97;104m▄[38;2;100;100;103;48;2;148;148;150m▄[38;2;62;62;69;48;2;119;119;120m▄[38;2;71;71;76;48;2;126;126;126m▄[38;2;127;127;127;48;2;98;98;101m▚[38;2;93;93;98;48;2;57;57;67m▖[38;2;46;46;58;48;2;41;42;54m▖[48;2;40;42;54m [0m
[48;2;40;42;54m      [38;2;41;43;55m▗[38;2;50;50;62;48;2;42;43;55m▗[38;2;152;152;158;48;2;77;77;87m▗[38;2;186;186;186;48;2;139;139;141m▖[38;2;84;84;87;48;2;162;162;163m▄[38;2;61;61;66;48;2;129;129;129m▄[38;2;82;82;84;48;2;123;123;124m▄[38;2;116;116;116;48;2;127;127;128m▖[38;2;132;132;132;48;2;96;96;100m▌[38;2;62;62;72;48;2;49;49;61m▌[38;2;43;44;56;48;2;47;48;60m▄[38;2;44;44;57;48;2;49;49;61m▖[38;2;64;64;72;48;2;115;115;118m▌[38;2;108;108;111;48;2;85;86;92m▌[38;2;44;44;57;48;2;41;42;54m▌[48;2;40;42;54m [0m
[48;2;40;42;54m   [38;2;42;43;56m▗[38;2;52;52;64;48;2;41;43;55m▗[38;2;78;78;85;48;2;46;47;59m▄[38;2;103;103;107;48;2;52;53;65m▄[38;2;124;124;127;48;2;75;75;86m▄[38;2;150;150;151;48;2;128;128;130m▝[38;2;118;118;120;48;2;75;75;83m▘[38;2;52;52;63;48;2;46;47;58m▘[38;2;41;42;54;48;2;44;45;57m▄[38;2;44;45;57;48;2;49;49;60m▖[38;2;73;73;79;48;2;107;107;110m▌[38;2;125;125;125;48;2;134;134;134m▗[38;2;86;86;92;48;2;112;112;113m▝[38;2;118;118;120;48;2;62;62;71m▄[38;2;141;141;141;48;2;91;91;98m▄[38;2;108;108;109;48;2;143;143;144m▗[38;2;114;114;117;48;2;68;68;75m▘[38;2;45;46;58;48;2;41;43;55m▌[48;2;40;42;54m [0m
[48;2;40;42;54m  [38;2;44;45;57m▗[38;2;97;97;103;48;2;49;50;62m▗[38;2;147;147;148;48;2;88;88;95m▄[38;2;84;84;88;48;2;135;135;136m▗[38;2;64;64;71;48;2;111;111;111m▄[38;2;52;52;62;48;2;90;90;91m▄[38;2;65;65;71;48;2;109;109;109m▄[38;2;122;122;123;48;2;94;94;98m▚[38;2;133;133;133;48;2;68;68;77m▄[38;2;120;120;122;48;2;52;53;64m▄[38;2;117;117;117;48;2;64;64;74m▄[38;2;90;90;92;48;2;106;106;108m▗[38;2;111;111;111;48;2;65;65;71m▘[38;2;51;51;63;48;2;74;74;76m▄[38;2;82;82;86;48;2;132;132;132m▌[38;2;93;93;95;48;2;116;116;117m▝[38;2;79;79;87;48;2;65;65;71m▄[38;2;64;64;73;48;2;49;50;61m▖[38;2;41;43;55;48;2;40;42;54m▌ [0m
[48;2;40;42;54m  [38;2;40;42;54;48;2;44;45;57m▌[38;2;61;61;72;48;2;141;141;145m▌[38;2;187;187;187;48;2;171;171;172m▌[38;2;119;119;124;48;2;50;50;62m▌[38;2;47;48;59;48;2;44;45;57m▌[38;2;42;43;55;48;2;43;45;57m▌[38;2;55;55;66;48;2;46;47;59m▗[38;2;141;141;142;48;2;95;95;100m▗[38;2;117;117;118;48;2;135;135;134m▚[38;2;52;52;63;48;2;92;92;92m▄[38;2;47;48;60;48;2;80;80;81m▄[38;2;45;46;58;48;2;64;64;70m▄[38;2;54;54;65;48;2;42;43;55m▘[38;2;46;47;58m▝[38;2;51;52;63;48;2;117;117;120m▌[38;2;134;134;134;48;2;152;152;152m▘[38;2;157;157;157;48;2;127;127;128m▖[38;2;87;87;94;48;2;51;51;63m▌[38;2;43;44;56;48;2;40;42;54m▌ [0m
[48;2;40;42;54m [38;2;42;44;55m▗[38;2;61;61;72;48;2;44;46;57m▗[38;2;118;118;120;48;2;78;78;85m▗[38;2;158;158;158;48;2;127;127;128m▝[38;2;168;168;169;48;2;121;121;123m▘[38;2;128;128;129;48;2;71;71;80m▄[38;2;126;126;127;48;2;57;57;68m▄[38;2;95;95;103;48;2;139;139;140m▘[38;2;110;110;111;48;2;190;190;191m▄[38;2;139;139;141;48;2;71;71;78m▘[38;2;48;48;61;48;2;42;43;56m▘[48;2;40;42;54m [38;2;41;42;54m▗[38;2;47;48;59m▗[38;2;91;91;99;48;2;51;52;64m▗[38;2;73;73;82;48;2;161;161;162m▘[38;2;108;108;110;48;2;162;162;162m▄[38;2;120;120;119;48;2;65;65;72m▘[38;2;60;60;69;48;2;45;46;58m▘[38;2;42;43;55;48;2;40;42;54m▘ [0m
[38;2;43;44;56;48;2;40;42;54m▗[38;2;54;54;66;48;2;44;45;57m▗[38;2;134;134;136;48;2;92;92;98m▄[38;2;80;80;86;48;2;129;129;129m▗[38;2;57;57;67;48;2;97;97;98m▄[38;2;49;50;61;48;2;70;70;74m▄[38;2;54;54;64;48;2;86;86;87m▄[38;2;67;67;72;48;2;111;111;111m▖[38;2;73;73;78;48;2;100;100;102m▝[38;2;65;65;75;48;2;56;56;66m▖[38;2;51;51;62;48;2;45;46;58m▖[38;2;58;58;69;48;2;42;44;56m▗[38;2;68;68;78;48;2;42;43;56m▄[38;2;112;112;119;48;2;45;46;58m▄[38;2;162;162;164;48;2;77;77;86m▄[38;2;137;137;139;48;2;160;160;161m▚[38;2;164;164;164;48;2;87;87;91m▘[38;2;74;74;80;48;2;50;50;61m▘[38;2;40;42;54;48;2;44;45;57m▄[38;2;41;43;55;48;2;40;42;54m▘  [0m
[38;2;40;42;54;48;2;43;44;56m▌[38;2;57;57;69;48;2;48;49;60m▝[38;2;126;126;128;48;2;153;153;154m▖[38;2;174;174;175;48;2;104;104;109m▖[38;2;67;67;77;48;2;49;49;61m▖[38;2;48;49;61;48;2;41;42;54m▄[38;2;68;68;78;48;2;48;48;60m▗[38;2;153;153;154;48;2;92;92;97m▗[38;2;148;148;148;48;2;131;131;131m▖[38;2;77;77;77;48;2;108;108;110m▄[38;2;117;117;117;48;2;91;91;95m▗[38;2;102;102;108;48;2;134;134;135m▘[38;2;173;173;174;48;2;154;154;154m▝[38;2;103;103;104;48;2;186;186;187m▄[38;2;144;144;144;48;2;75;75;80m▘[38;2;80;80;84;48;2;54;54;64m▘[38;2;54;54;64;48;2;42;44;56m▘[38;2;43;44;56;48;2;40;42;54m▘    [0m
[38;2;42;44;56;48;2;40;42;54m▝[38;2;49;49;61;48;2;43;45;57m▝[38;2;114;114;117;48;2;62;63;72m▝[38;2;85;85;89;48;2;157;157;158m▄[38;2;128;128;129;48;2;154;154;157m▄[38;2;121;121;128;48;2;134;134;137m▝[38;2;117;117;118;48;2;144;144;147m▄[38;2;84;84;88;48;2;160;160;160m▄[38;2;114;114;116;48;2;64;65;73m▘[38;2;48;49;61;48;2;55;55;64m▄[38;2;107;107;109;48;2;70;70;77m▝[38;2;72;72;77;48;2;116;116;116m▄[38;2;51;51;62;48;2;89;89;90m▄[38;2;63;63;70;48;2;47;48;59m▘[38;2;40;42;54;48;2;45;46;58m▄[38;2;42;44;56;48;2;40;42;54m▘      [0m
[48;2;40;42;54m  [38;2;44;45;57m▝[38;2;41;42;54;48;2;48;49;61m▄[38;2;42;43;56;48;2;54;54;64m▄▄[38;2;42;44;56;48;2;53;53;63m▄[38;2;41;43;55;48;2;49;49;61m▄[38;2;44;46;57;48;2;40;42;54m▘[38;2;43;45;57m▝[38;2;40;42;54;48;2;46;46;58m▄▄[38;2;43;45;57;48;2;40;42;54m▘         [0m
[?25h