[?25l[48;2;40;42;54m                              [0m
[48;2;40;42;54m                              [0m
[48;2;40;42;54m             [38;2;35;38;54m▗[38;2;30;35;57m▄▄▄[38;2;20;29;60m▄[38;2;15;27;63m▄[38;2;15;26;68m▄[38;2;14;26;72m▄[38;2;14;26;70m▄[38;2;24;31;60;48;2;38;40;54m▖[48;2;40;42;54m       [0m
[48;2;40;42;54m           [38;2;23;30;57;48;2;38;40;53m▗[38;2;18;31;90;48;2;26;32;60m▗[38;2;93;109;171;48;2;13;27;65m▄[38;2;93;111;188;48;2;71;91;132m▄[38;2;105;121;208;48;2;86;104;156m▄[38;2;140;159;220;48;2;53;68;136m▄[38;2;62;78;148;48;2;135;154;208m▚[38;2;22;30;121;48;2;143;160;221m▄[38;2;23;30;119;48;2;67;78;169m▄[38;2;24;33;127;48;2;30;42;144m▄[38;2;29;42;139;48;2;25;35;129m▘[38;2;31;42;133;48;2;14;29;80m▄[38;2;10;27;75;48;2;28;33;56m▖[38;2;36;38;53;48;2;40;42;54m▖     [0m
[48;2;40;42;54m         [38;2;25;30;57;48;2;38;40;53m▗[38;2;50;70;112;48;2;25;32;57m▗[38;2;161;182;222;48;2;36;52;90m▄[38;2;155;178;237;48;2;97;114;179m▄[38;2;129;148;229;48;2;79;94;184m▄[38;2;107;124;220;48;2;89;104;193m▄[38;2;93;110;204;48;2;134;145;209m▌[38;2;194;209;253;48;2;128;127;185m▘[38;2;50;61;152;48;2;22;30;120m▘[38;2;21;27;111;48;2;20;27;114m▄[38;2;19;26;115;48;2;21;27;110m▄[38;2;31;41;143;48;2;19;28;111m▄[38;2;19;30;123;48;2;34;45;155m▘[38;2;39;52;165;48;2;33;45;155m▘[38;2;33;47;149;48;2;19;30;97m▄[38;2;19;34;113;48;2;25;33;57m▄[38;2;16;31;94;48;2;27;34;60m▖[38;2;25;30;60;48;2;38;40;54m▖[48;2;40;42;54m   [0m
[48;2;40;42;54m       [38;2;24;31;58;48;2;38;40;53m▗[38;2;62;79;111;48;2;25;32;58m▗[38;2;154;175;219;48;2;44;58;90m▄[38;2;181;201;241;48;2;145;165;219m▝[38;2;154;175;234;48;2;122;141;225m▘[38;2;113;131;218;48;2;105;121;218m▘[38;2;106;121;224;48;2;106;121;220m▝[38;2;103;119;216;48;2;107;122;224m▗[38;2;87;101;208;48;2;64;77;175m▌[38;2;35;44;135;48;2;19;28;117m▌[38;2;19;31;123;48;2;19;27;111m▄[38;2;19;27;116;48;2;27;36;129m▌[38;2;68;62;136;48;2;40;52;157m▄[38;2;36;46;157;48;2;27;36;133m▘[38;2;54;69;182;48;2;27;40;143m▗[38;2;56;69;188;48;2;40;53;167m▖[38;2;40;54;162;48;2;80;93;207m▄[38;2;82;98;211;48;2;78;94;204m▚[38;2;58;73;188;48;2;35;52;147m▌[38;2;17;32;99;48;2;13;27;67m▌[38;2;31;35;55;48;2;40;42;54m▌  [0m
[48;2;40;42;54m     [38;2;25;30;57;48;2;38;40;53m▗[38;2;64;79;112;48;2;26;32;57m▗[38;2;148;169;214;48;2;45;58;90m▄[38;2;135;153;213;48;2;153;173;234m▚[38;2;139;161;229;48;2;119;137;225m▘[38;2;116;134;224;48;2;113;130;222m▘[38;2;109;125;222;48;2;105;121;219m▌[38;2;109;123;213;48;2;107;123;222m▗[38;2;177;187;229;48;2;115;129;215m▗[38;2;120;136;205;48;2;195;209;244m▘[38;2;124;143;215;48;2;202;220;252m▄[38;2;140;156;222;48;2;86;102;209m▘[38;2;94;107;217;48;2;66;78;196m▄[38;2;94;106;217;48;2;65;75;193m▄[38;2;97;111;221;48;2;53;65;173m▄[38;2;103;118;222;48;2;79;92;202m▄[38;2;96;110;216;48;2;104;120;222m▘[38;2;104;119;225;48;2;94;107;218m▌[38;2;63;76;192;48;2;33;46;156m▌[38;2;17;28;113;48;2;43;55;161m▄[38;2;29;39;134;48;2;21;28;111m▘[38;2;17;29;95;48;2;14;26;70m▌[38;2;31;35;57;48;2;40;42;54m▌  [0m
[48;2;40;42;54m   [38;2;24;30;57;48;2;38;40;53m▗[38;2;63;78;112;48;2;25;32;58m▗[38;2;143;164;214;48;2;45;59;90m▄[38;2;129;150;211;48;2;147;168;233m▚[38;2;138;158;229;48;2;115;132;223m▘[38;2;108;123;222;48;2;105;121;219m▚[38;2;106;121;219;48;2;116;133;226m▄[38;2;113;130;217;48;2;117;137;228m▗[38;2;175;190;231;48;2;119;135;216m▗[38;2;205;218;251;48;2;144;151;205m▄[38;2;126;139;214;48;2;169;154;181m▄[38;2;135;139;200;48;2;95;109;211m▘[38;2;107;120;224;48;2;92;106;215m▝[38;2;97;110;217;48;2;70;82;189m▘[38;2;37;43;138;48;2;85;101;208m▄[38;2;44;58;157;48;2;105;121;224m▄[38;2;78;93;196;48;2;101;116;218m▖[38;2;94;107;218;48;2;106;121;222m▄[38;2;63;75;189;48;2;99;113;220m▄[38;2;26;35;134;48;2;65;77;190m▄[38;2;31;42;148;48;2;20;29;119m▘[38;2;20;30;110;48;2;25;33;123m▚[38;2;14;28;77;48;2;23;32;114m▄[38;2;16;27;84;48;2;25;33;59m▘[38;2;31;35;53;48;2;40;42;54m▘  [0m
[48;2;40;42;54m  [38;2;13;26;64;48;2;33;37;54m▗[38;2;15;30;76;48;2;52;67;128m▌[38;2;60;74;187;48;2;146;165;217m▄[38;2;78;92;207;48;2;141;157;231m▄[38;2;106;123;225;48;2;125;145;228m▄[38;2;114;134;228;48;2;107;125;224m▌[38;2;108;125;214;48;2;107;123;222m▗[38;2;168;164;206;48;2;115;128;214m▗[38;2;177;188;228;48;2;153;146;184m▝[38;2;125;133;205;48;2;204;220;252m▄[38;2;147;169;225;48;2;99;117;212m▘[38;2;95;113;214;48;2;104;121;223m▘[38;2;104;121;228;48;2;91;107;218m▌[38;2;86;100;218;48;2;74;89;207m▝[38;2;126;111;175;48;2;72;83;196m▝[38;2;65;77;193;48;2;125;102;153m▄[38;2;71;86;204;48;2;49;58;163m▄[38;2;51;63;176;48;2;76;89;202m▚[38;2;26;37;137;48;2;66;80;193m▄[38;2;30;41;148;48;2;20;29;121m▘[38;2;20;30;112;48;2;25;35;126m▚[38;2;15;27;78;48;2;23;34;118m▄[38;2;16;27;88;48;2;25;32;60m▘[38;2;24;31;60;48;2;38;40;54m▘[48;2;40;42;54m    [0m
[48;2;40;42;54m  [38;2;30;35;55;48;2;14;26;69m▌[38;2;38;51;153;48;2;21;32;112m▗[38;2;32;45;154;48;2;23;34;137m▄[38;2;24;34;133;48;2;33;46;161m▄[38;2;22;32;126;48;2;46;60;181m▄[38;2;28;39;144;48;2;52;68;193m▄[38;2;113;129;214;48;2;51;64;181m▝[38;2;50;65;185;48;2;178;194;246m▄[38;2;148;161;223;48;2;74;89;197m▘[38;2;86;100;216;48;2;100;114;219m▖[38;2;100;117;221;48;2;104;121;224m▝[38;2;99;115;222;48;2;93;109;217m▖[48;2;94;108;217m [38;2;94;107;218m▝[38;2;82;97;213;48;2;90;106;218m▝[38;2;49;63;177;48;2;74;89;206m▗[38;2;24;36;134;48;2;66;79;194m▄[38;2;31;44;148;48;2;21;30;121m▘[38;2;20;30;111;48;2;26;36;126m▚[38;2;15;27;77;48;2;24;35;118m▄[38;2;17;28;90;48;2;25;32;61m▘[38;2;24;31;60;48;2;38;40;54m▘[48;2;40;42;54m      [0m
[48;2;40;42;54m  [38;2;15;26;66;48;2;35;38;53m▝[38;2;23;38;117;48;2;19;29;71m▝[38;2;12;26;72;48;2;27;39;136m▄[38;2;18;30;96;48;2;32;42;148m▄[38;2;21;34;114;48;2;36;47;158m▄[38;2;32;43;151;48;2;28;39;138m▘[38;2;36;46;154;48;2;20;30;126m▄[38;2;34;45;150;48;2;24;34;135m▄[38;2;22;34;131;48;2;35;47;161m▄[38;2;21;31;129;48;2;46;59;181m▄[38;2;28;39;146;48;2;54;67;193m▄[38;2;39;50;164;48;2;69;82;202m▄[38;2;41;55;178;48;2;77;91;212m▄[38;2;43;56;179;48;2;75;89;210m▄[38;2;27;37;140;48;2;57;70;187m▄[38;2;33;44;150;48;2;21;30;125m▘[38;2;20;30;115;48;2;26;35;128m▚[38;2;14;27;80;48;2;23;34;119m▄[38;2;16;28;87;48;2;25;32;60m▘[38;2;24;31;57;48;2;38;40;53m▘[48;2;40;42;54m        [0m
[48;2;40;42;54m    [38;2;35;38;53m▝[38;2;40;42;54;48;2;29;35;56m▄[48;2;19;28;62m▄[38;2;38;40;53;48;2;14;26;71m▄[38;2;27;33;58;48;2;17;31;96m▄[38;2;14;26;69;48;2;26;38;128m▄[38;2;14;28;82;48;2;32;42;145m▄[38;2;17;32;104;48;2;35;47;157m▄[38;2;31;41;141;48;2;25;36;128m▚[38;2;37;47;153;48;2;19;31;126m▄[38;2;32;44;145;48;2;23;35;132m▖[38;2;27;36;136;48;2;21;30;123m▘[38;2;20;30;113;48;2;26;34;125m▚[38;2;14;27;77;48;2;25;34;120m▄[38;2;16;27;87;48;2;25;32;60m▘[38;2;24;31;59;48;2;38;40;54m▘[48;2;40;42;54m          [0m
[48;2;40;42;54m          [38;2;40;42;54;48;2;33;36;54m▄[48;2;25;33;57m▄[48;2;14;26;68m▄[38;2;32;36;54;48;2;14;28;81m▄[38;2;30;35;58;48;2;18;30;99m▄[48;2;18;31;99m▄[38;2;15;28;85;48;2;28;33;60m▘[38;2;24;31;58;48;2;38;40;54m▘[48;2;40;42;54m            [0m
[48;2;40;42;54m                              [0m
[48;2;40;42;54m                              [0m
[?25h