[?25l[48;2;40;42;54m                              [0m
[48;2;40;42;54m                       [38;2;34;36;46;48;2;39;41;53m▗[48;2;40;42;54m▄▄[38;2;37;39;50m▖   [0m
[48;2;40;42;54m                      [38;2;18;17;22m▄[38;2;128;63;43;48;2;26;24;31m▗[38;2;110;53;36;48;2;8;0;0m▄ [38;2;28;29;38;48;2;40;42;54m▌   [0m
[48;2;40;42;54m                   [38;2;39;41;53m▄[38;2;21;20;26;48;2;37;39;50m▗[38;2;12;2;1;48;2;30;31;40m▄[38;2;142;70;47;48;2;67;31;21m▄[38;2;129;63;43;48;2;65;31;21m▖[38;2;88;42;28;48;2;37;22;23m▘[38;2;40;42;54;48;2;27;27;35m▄[38;2;34;35;45;48;2;40;42;54m▘   [0m
[48;2;40;42;54m                 [38;2;35;36;47m▗[38;2;25;25;32m▄[38;2;97;46;31;48;2;35;22;25m▗[38;2;49;22;15;48;2;106;51;34m▚[38;2;61;28;19;48;2;151;75;51m▄[38;2;31;32;41;48;2;12;2;2m▄[38;2;15;14;18;48;2;37;39;50m▘[48;2;40;42;54m      [0m
[48;2;40;42;54m                [38;2;8;0;0;48;2;36;38;49m▗[38;2;73;38;25;48;2;27;27;34m▗[38;2;183;103;67;48;2;46;22;14m▄[38;2;8;0;0;48;2;97;48;32m▗[38;2;119;58;39;48;2;28;24;29m▘[38;2;40;42;54;48;2;19;19;25m▄[38;2;39;40;52;48;2;40;42;54m▘       [0m
[48;2;40;42;54m             [38;2;32;34;44m▗[38;2;31;32;41m▄[38;2;79;41;27;48;2;18;18;23m▄[38;2;150;83;54;48;2;83;45;30m▝[48;2;98;53;35m▘[38;2;26;26;34;48;2;40;19;12m▄[38;2;31;28;36;48;2;36;38;49m▘[38;2;36;37;48;48;2;39;41;53m▘[48;2;40;42;54m         [0m
[48;2;40;42;54m            [38;2;18;17;22m▄[38;2;150;83;54;48;2;25;26;33m▗[38;2;183;103;67;48;2;8;0;0m▄[38;2;8;0;0;48;2;183;103;67m▄[38;2;150;83;54;48;2;25;26;33m▘[38;2;40;42;54;48;2;18;17;22m▄[48;2;40;42;54m            [0m
[48;2;40;42;54m         [38;2;36;37;48;48;2;39;41;53m▗[38;2;31;28;36;48;2;36;38;49m▗[38;2;40;19;12;48;2;26;26;34m▄[38;2;150;83;54;48;2;98;53;35m▗[48;2;83;45;30m▖[38;2;18;18;23;48;2;79;41;27m▄[38;2;40;42;54;48;2;31;32;41m▄[38;2;32;34;44;48;2;40;42;54m▘             [0m
[48;2;40;42;54m       [38;2;39;40;52m▗[38;2;19;19;25m▄[38;2;119;58;39;48;2;28;24;29m▗[38;2;8;0;0;48;2;97;48;32m▘[38;2;46;22;14;48;2;183;103;67m▄[38;2;73;38;25;48;2;27;27;34m▘[38;2;8;0;0;48;2;36;38;49m▘[48;2;40;42;54m                [0m
[48;2;40;42;54m      [38;2;15;14;18;48;2;37;39;50m▗[38;2;12;2;2;48;2;31;32;41m▄[38;2;151;75;51;48;2;61;28;19m▄[38;2;49;22;15;48;2;106;51;34m▚[38;2;97;46;31;48;2;35;22;25m▘[38;2;40;42;54;48;2;25;25;32m▄[38;2;35;36;47;48;2;40;42;54m▘                 [0m
[48;2;40;42;54m   [38;2;34;35;45m▗[38;2;27;27;35m▄[38;2;10;6;8;48;2;32;29;32m▝[38;2;97;96;96;48;2;41;38;39m▗[38;2;103;103;103;48;2;67;66;66m▄[38;2;63;59;59;48;2;135;133;132m▄[38;2;111;110;110;48;2;69;67;67m▚[38;2;105;105;105;48;2;62;60;60m▖[38;2;41;37;37;48;2;10;6;8m▄[38;2;40;42;54;48;2;28;28;36m▝[38;2;27;27;35;48;2;39;41;53m▖[48;2;40;42;54m                [0m
[48;2;40;42;54m   [38;2;40;42;54;48;2;28;29;38m▌[48;2;8;0;0m [38;2;8;0;0;48;2;50;47;47m▄[38;2;107;106;106;48;2;33;32;32m▝[38;2;8;0;0;48;2;111;109;109m▄[48;2;8;0;0m [38;2;115;113;113;48;2;20;16;16m▝[38;2;8;0;0;48;2;103;101;101m▄[48;2;57;56;56m▄[38;2;26;21;21;48;2;8;0;0m▘[38;2;8;0;0;48;2;36;37;48m▌[48;2;40;42;54m                [0m
[48;2;40;42;54m   [38;2;37;39;50m▝[38;2;40;42;54;48;2;34;36;46m▄▄▄▄▄▄▄▄▄[38;2;34;36;46;48;2;39;41;53m▘[48;2;40;42;54m                [0m
[48;2;40;42;54m                              [0m
[?25h