[?25l[48;2;40;42;54m     [38;2;38;39;51;48;2;39;41;53m▗[38;2;22;23;30;48;2;37;39;50m▗[48;2;38;40;52m▄▄▄▄[48;2;38;40;51m▄[38;2;32;33;43;48;2;39;40;52m▄[48;2;40;42;54m       [0m
[48;2;40;42;54m   [38;2;35;37;47m▗[38;2;32;34;43;48;2;39;41;53m▄[38;2;90;89;23;48;2;31;31;37m▄[38;2;246;240;52;48;2;115;112;34m▗[38;2;227;209;25;48;2;123;115;17m▄[38;2;209;180;2;48;2;115;102;0m▄[38;2;211;182;2;48;2;116;103;0m▄[38;2;211;183;1m▄[38;2;227;204;0;48;2;117;104;0m▄[38;2;153;139;0;48;2;65;58;26m▄[38;2;73;66;0;48;2;33;33;41m▖[38;2;32;33;42;48;2;39;41;53m▄[38;2;39;41;53;48;2;40;42;54m▄    [0m
[48;2;40;42;54m   [38;2;40;42;54;48;2;24;25;32m▌[38;2;19;16;21;48;2;20;13;9m▌[38;2;212;192;2;48;2;228;227;55m▄[38;2;188;150;5;48;2;229;215;29m▄[38;2;91;62;3;48;2;191;159;5m▄[38;2;9;2;0;48;2;158;112;6m▄[38;2;13;4;0;48;2;160;114;6m▄[38;2;31;26;6;48;2;163;119;5m▄[38;2;146;122;16;48;2;241;232;49m▌[38;2;239;228;34;48;2;219;199;1m▄[38;2;223;203;0;48;2;82;70;7m▌[38;2;35;28;12;48;2;11;11;15m▌[38;2;38;40;52;48;2;39;41;53m▌[48;2;40;42;54m    [0m
[48;2;40;42;54m   [38;2;40;42;54;48;2;24;24;31m▌[38;2;18;15;20;48;2;19;11;0m▌[38;2;210;187;1;48;2;213;194;0m▝[38;2;166;114;8;48;2;203;173;1m▝[38;2;161;142;19;48;2;85;57;3m▄[38;2;129;126;34;48;2;1;0;0m▄[38;2;130;127;34;48;2;3;0;0m▄[38;2;136;132;34;48;2;26;24;6m▄[38;2;135;131;29;48;2;249;244;57m▌[38;2;217;194;18;48;2;240;230;36m▄[38;2;214;187;1;48;2;78;64;0m▌[38;2;33;25;8;48;2;9;9;12m▌[38;2;38;40;52;48;2;39;41;53m▌[48;2;40;42;54m    [0m
[48;2;40;42;54m   [38;2;30;31;40;48;2;39;41;53m▝[38;2;37;39;50;48;2;26;25;31m▄[38;2;33;30;14;48;2;154;138;5m▄[38;2;88;79;7;48;2;210;191;0m▖[38;2;216;196;2;48;2;234;221;25m▄[38;2;216;197;4;48;2;245;238;49m▄[38;2;216;198;4;48;2;245;238;48m▄[38;2;213;193;4;48;2;242;234;45m▄[38;2;165;116;6;48;2;212;188;18m▗[38;2;89;63;7;48;2;160;126;3m▄[38;2;113;75;5;48;2;33;26;28m▘[38;2;37;38;50;48;2;26;25;30m▄[38;2;39;41;52;48;2;39;41;53m▘[48;2;40;42;54m    [0m
[48;2;40;42;54m    [38;2;40;42;54;48;2;39;41;53m▄[38;2;36;38;49m▝[38;2;17;12;13;48;2;34;35;45m▝[38;2;23;23;30;48;2;16;10;9m▄[38;2;76;50;3;48;2;15;7;0m▗[38;2;104;70;4;48;2;23;12;0m▄[38;2;14;12;16;48;2;15;6;2m▗[38;2;32;34;43;48;2;16;13;17m▗[38;2;26;26;33;48;2;34;36;46m▘[38;2;40;42;54;48;2;39;41;53m▄[38;2;39;41;53;48;2;40;42;54m▘     [0m
[48;2;40;42;54m       [38;2;32;33;43;48;2;24;24;32m▌[38;2;1;0;0;48;2;138;119;1m▌[38;2;218;199;0;48;2;182;155;2m▗[38;2;14;11;13;48;2;18;9;0m▝[38;2;56;37;2;48;2;23;20;25m▗[38;2;64;51;0;48;2;28;29;37m▄[38;2;76;69;0;48;2;33;33;40m▖[38;2;32;33;42;48;2;39;41;53m▄[38;2;39;41;53;48;2;40;42;54m▄    [0m
[48;2;40;42;54m       [38;2;32;33;43;48;2;24;24;32m▌[38;2;0;0;0;48;2;156;148;28m▌[38;2;245;243;59;48;2;208;195;30m▗[38;2;16;9;2;48;2;31;18;0m▌[38;2;59;37;1;48;2;157;109;7m▌[38;2;176;138;4;48;2;194;165;2m▌[38;2;221;203;0;48;2;81;69;11m▌[38;2;35;29;15;48;2;14;14;18m▌[38;2;38;40;52;48;2;39;41;53m▌[48;2;40;42;54m    [0m
[48;2;40;42;54m       [38;2;32;33;43;48;2;24;24;32m▌[38;2;157;146;14;48;2;44;38;0m▝[38;2;105;93;0;48;2;218;204;19m▄[38;2;14;11;13;48;2;17;8;0m▗[38;2;56;37;2;48;2;23;20;25m▝[38;2;28;29;37;48;2;64;51;0m▄[38;2;76;69;0;48;2;33;33;40m▘[38;2;39;41;53;48;2;32;33;42m▄[38;2;40;42;54;48;2;39;41;53m▄[48;2;40;42;54m    [0m
[48;2;40;42;54m       [38;2;39;40;52;48;2;32;33;43m▄[38;2;38;40;51;48;2;23;23;30m▄[38;2;38;40;52;48;2;22;23;30m▄[48;2;24;25;32m▄[38;2;30;31;40;48;2;39;41;53m▘[48;2;40;42;54m        [0m
[?25h