[?25l[48;2;40;42;54m     [38;2;38;39;51;48;2;39;41;53m▗[38;2;22;23;30;48;2;37;39;50m▗[48;2;38;40;52m▄▄▄▄[48;2;38;40;51m▄[38;2;32;33;43;48;2;39;40;52m▄[48;2;40;42;54m       [0m
[48;2;40;42;54m   [38;2;35;37;47m▗[38;2;32;34;43;48;2;39;41;53m▄[38;2;90;52;24;48;2;31;30;37m▄[38;2;243;142;54;48;2;114;68;35m▗[38;2;222;110;26;48;2;121;61;19m▄[38;2;201;82;0;48;2;111;45;0m▄[38;2;202;84;0;48;2;112;46;0m▄[38;2;203;84;0m▄[38;2;219;92;0;48;2;113;46;0m▄[38;2;169;71;0;48;2;88;39;21m▖[38;2;71;30;0;48;2;32;31;41m▖[38;2;32;33;42;48;2;39;41;53m▄[38;2;39;41;53;48;2;40;42;54m▄    [0m
[48;2;40;42;54m   [38;2;40;42;54;48;2;24;25;32m▌[38;2;19;16;21;48;2;20;9;9m▌[38;2;205;88;2;48;2;228;133;59m▄[38;2;180;72;0;48;2;223;109;30m▄[38;2;87;31;0;48;2;183;74;2m▄[38;2;9;0;0;48;2;150;57;0m▄[38;2;13;2;0;48;2;152;58;0m▄[38;2;31;14;6;48;2;155;60;0m▄[38;2;141;63;16;48;2;237;129;52m▌[38;2;235;120;36;48;2;211;90;1m▄[38;2;215;90;0;48;2;79;31;7m▌[38;2;34;14;12;48;2;11;11;15m▌[38;2;38;40;52;48;2;39;41;53m▌[48;2;40;42;54m    [0m
[48;2;40;42;54m   [38;2;40;42;54;48;2;24;24;31m▌[38;2;18;15;20;48;2;19;5;0m▌[38;2;202;84;0;48;2;205;86;0m▝[38;2;158;59;0;48;2;195;79;0m▝[38;2;157;75;18;48;2;81;29;0m▄[38;2;129;77;37;48;2;1;0;0m▄[38;2;130;77;36;48;2;3;0;0m▄[38;2;136;79;36;48;2;26;14;7m▄[38;2;134;76;31;48;2;247;144;61m▌[38;2;211;98;18;48;2;236;123;38m▄[38;2;206;83;0;48;2;75;29;0m▌[38;2;32;12;8;48;2;9;9;12m▌[38;2;38;40;52;48;2;39;41;53m▌[48;2;40;42;54m    [0m
[48;2;40;42;54m   [38;2;30;31;40;48;2;39;41;53m▝[38;2;37;39;50;48;2;26;24;31m▄[38;2;32;16;14;48;2;148;61;5m▄[38;2;85;35;7;48;2;202;84;0m▖[38;2;208;89;2;48;2;229;114;26m▄[38;2;209;90;4;48;2;242;138;52m▄[48;2;242;136;51m▄[38;2;206;88;4;48;2;239;133;48m▄[38;2;226;117;33;48;2;182;72;1m▘[38;2;86;32;5;48;2;152;59;0m▄[38;2;107;39;0;48;2;32;23;28m▘[38;2;37;38;50;48;2;26;24;30m▄[38;2;39;41;52;48;2;39;41;53m▘[48;2;40;42;54m    [0m
[48;2;40;42;54m    [38;2;40;42;54;48;2;39;41;53m▄[38;2;36;38;49m▝[38;2;17;10;13;48;2;34;35;45m▝[38;2;23;23;30;48;2;16;8;9m▄[38;2;72;26;0;48;2;14;3;0m▗[38;2;99;36;0;48;2;22;6;0m▄[38;2;14;12;16;48;2;14;3;2m▗[38;2;32;34;43;48;2;16;13;17m▗[38;2;26;26;33;48;2;34;36;46m▘[38;2;40;42;54;48;2;39;41;53m▄[38;2;39;41;53;48;2;40;42;54m▘     [0m
[48;2;40;42;54m       [38;2;32;33;43;48;2;24;24;32m▌[38;2;1;0;0;48;2;133;53;0m▌[38;2;210;89;0;48;2;175;71;0m▗[38;2;14;10;13;48;2;18;4;0m▝[38;2;53;19;0;48;2;23;19;25m▗[38;2;62;24;0;48;2;28;29;37m▄[38;2;73;30;0;48;2;33;31;40m▖[38;2;32;33;42;48;2;39;41;53m▄[38;2;39;41;53;48;2;40;42;54m▄    [0m
[48;2;40;42;54m       [38;2;32;33;43;48;2;24;24;32m▌[38;2;0;0;0;48;2;153;79;29m▌[38;2;244;141;62;48;2;203;99;31m▗[38;2;17;5;2;48;2;30;9;0m▌[38;2;56;19;0;48;2;149;56;0m▌[38;2;168;67;0;48;2;187;76;0m▌[38;2;213;90;0;48;2;78;31;11m▌[38;2;34;16;15;48;2;14;14;18m▌[38;2;38;40;52;48;2;39;41;53m▌[48;2;40;42;54m    [0m
[48;2;40;42;54m       [38;2;32;33;43;48;2;24;24;32m▌[38;2;153;72;15;48;2;43;17;0m▝[38;2;102;41;0;48;2;212;102;20m▄[38;2;14;10;13;48;2;17;3;0m▗[38;2;53;19;0;48;2;23;19;25m▝[38;2;28;29;37;48;2;62;24;0m▄[38;2;73;30;0;48;2;33;31;40m▘[38;2;39;41;53;48;2;32;33;42m▄[38;2;40;42;54;48;2;39;41;53m▄[48;2;40;42;54m    [0m
[48;2;40;42;54m       [38;2;39;40;52;48;2;32;33;43m▄[38;2;38;40;51;48;2;23;23;30m▄[38;2;38;40;52;48;2;22;23;30m▄[48;2;24;25;32m▄[38;2;30;31;40;48;2;39;41;53m▘[48;2;40;42;54m        [0m
[?25h