[?25l[48;2;40;42;54m     [38;2;38;39;51;48;2;39;41;53m▗[38;2;22;23;30;48;2;37;39;50m▗[48;2;38;40;52m▄▄▄▄[48;2;38;40;51m▄[38;2;32;33;43;48;2;39;40;52m▄[48;2;40;42;54m       [0m
[48;2;40;42;54m   [38;2;35;37;47m▗[38;2;32;34;43;48;2;39;41;53m▄[38;2;79;58;80;48;2;30;30;39m▄[38;2;215;154;224;48;2;101;75;103m▗[38;2;182;112;190;48;2;100;64;101m▄[38;2;153;73;161;48;2;84;43;86m▄[38;2;155;76;162;48;2;86;44;87m▄[38;2;156;76;163m▄[38;2;166;87;174;48;2;86;44;88m▄[38;2;129;68;134;48;2;68;38;71m▖[38;2;54;28;56;48;2;32;31;41m▖[38;2;32;33;42;48;2;39;41;53m▄[38;2;39;41;53;48;2;40;42;54m▄    [0m
[48;2;40;42;54m   [38;2;40;42;54;48;2;24;25;32m▌[38;2;16;5;9;48;2;19;15;20m▗[38;2;156;84;163;48;2;196;146;203m▄[38;2;192;132;200;48;2;148;71;155m▘[38;2;69;23;68;48;2;142;66;148m▄[38;2;9;0;2;48;2;119;42;123m▄[38;2;12;1;5;48;2;120;44;124m▄[38;2;27;16;23;48;2;122;45;126m▄[38;2;227;173;235;48;2;133;71;138m▗[38;2;191;127;199;48;2;161;86;168m▄[38;2;162;85;170;48;2;62;30;59m▌[38;2;28;14;25;48;2;12;11;15m▌[38;2;38;40;52;48;2;39;41;53m▌[48;2;40;42;54m    [0m
[48;2;40;42;54m   [38;2;40;42;54;48;2;24;24;31m▌[38;2;17;15;20;48;2;16;5;9m▌[38;2;157;82;165;48;2;154;81;162m▗[38;2;125;41;129;48;2;149;71;156m▝[38;2;128;74;132;48;2;64;20;65m▄[38;2;113;85;114;48;2;1;0;0m▄[38;2;114;85;115;48;2;3;0;0m▄[38;2;118;87;119;48;2;22;16;21m▄[38;2;114;82;117;48;2;214;157;222m▌[38;2;203;143;211;48;2;173;103;181m▘[38;2;156;76;163;48;2;59;26;56m▌[38;2;26;11;22;48;2;10;9;12m▌[38;2;38;40;52;48;2;39;41;53m▌[48;2;40;42;54m    [0m
[48;2;40;42;54m   [38;2;30;31;40;48;2;39;41;53m▝[38;2;37;39;50;48;2;25;24;32m▄[38;2;26;15;27;48;2;113;58;116m▄[38;2;65;34;66;48;2;153;81;160m▖[38;2;159;85;166;48;2;186;118;194m▄[38;2;159;87;167;48;2;209;148;217m▄[48;2;207;147;216m▄[38;2;158;84;164;48;2;204;143;213m▄[38;2;187;120;195;48;2;140;63;146m▘[38;2;68;23;69;48;2;118;49;121m▄[38;2;86;27;86;48;2;28;22;33m▘[38;2;37;38;50;48;2;25;24;31m▄[38;2;39;41;52;48;2;39;41;53m▘[48;2;40;42;54m    [0m
[48;2;40;42;54m    [38;2;40;42;54;48;2;39;41;53m▄[38;2;36;38;49m▝[38;2;16;10;14;48;2;33;35;45m▝[38;2;23;23;30;48;2;14;8;11m▄[38;2;58;18;56;48;2;12;2;6m▗[38;2;79;25;79;48;2;18;5;12m▄[38;2;14;12;16;48;2;12;2;6m▗[38;2;32;34;43;48;2;16;13;17m▗[38;2;26;26;33;48;2;34;36;46m▘[38;2;40;42;54;48;2;39;41;53m▄[38;2;39;41;53;48;2;40;42;54m▘     [0m
[48;2;40;42;54m       [38;2;32;33;43;48;2;24;24;32m▌[38;2;3;0;0;48;2;101;50;104m▌[38;2;159;85;167;48;2;134;64;139m▗[38;2;14;10;14;48;2;15;3;8m▝[38;2;18;12;18;48;2;36;22;40m▌[38;2;49;20;48;48;2;28;29;37m▄[38;2;57;29;57;48;2;32;31;41m▖[38;2;32;33;42;48;2;39;41;53m▄[38;2;39;41;53;48;2;40;42;54m▄    [0m
[48;2;40;42;54m       [38;2;32;33;43;48;2;24;24;32m▌[38;2;2;0;0;48;2;126;84;129m▌[38;2;195;145;202;48;2;150;81;157m▄[38;2;15;5;7;48;2;25;7;19m▌[38;2;45;13;41;48;2;119;40;123m▌[38;2;130;55;136;48;2;143;69;149m▌[38;2;162;87;169;48;2;61;30;58m▌[38;2;28;16;26;48;2;14;14;18m▌[38;2;38;40;52;48;2;39;41;53m▌[48;2;40;42;54m    [0m
[48;2;40;42;54m       [38;2;32;33;43;48;2;24;24;32m▌[38;2;122;74;126;48;2;33;16;32m▝[38;2;77;39;78;48;2;168;103;175m▄[38;2;13;10;14;48;2;15;3;7m▗[38;2;18;12;18;48;2;36;22;40m▌[38;2;28;29;37;48;2;49;20;48m▄[38;2;57;29;57;48;2;32;31;41m▘[38;2;39;41;53;48;2;32;33;42m▄[38;2;40;42;54;48;2;39;41;53m▄[48;2;40;42;54m    [0m
[48;2;40;42;54m       [38;2;39;40;52;48;2;32;33;43m▄[38;2;38;40;51;48;2;23;23;30m▄[38;2;38;40;52;48;2;22;23;30m▄[48;2;24;25;32m▄[38;2;30;31;40;48;2;39;41;53m▘[48;2;40;42;54m        [0m
[?25h