[?25l[48;2;40;42;54m     [38;2;38;39;51;48;2;39;41;53m▗[38;2;22;23;30;48;2;37;39;50m▗[48;2;38;40;52m▄▄▄▄[48;2;38;40;51m▄[38;2;32;33;43;48;2;39;40;52m▄[48;2;40;42;54m       [0m
[48;2;40;42;54m   [38;2;35;37;47m▗[38;2;32;34;43;48;2;39;41;53m▄[38;2;91;51;52;48;2;31;30;38m▄[38;2;255;116;116;48;2;116;65;66m▗[38;2;242;57;57;48;2;130;40;40m▄[38;2;229;0;0;48;2;130;0;0m▄[38;2;230;0;0m▄[38;2;231;0;0m▄[38;2;247;0;0;48;2;131;0;0m▄[38;2;170;0;0;48;2;72;20;26m▄[38;2;84;0;0;48;2;33;31;41m▖[38;2;32;33;42;48;2;39;41;53m▄[38;2;39;41;53;48;2;40;42;54m▄    [0m
[48;2;40;42;54m   [38;2;40;42;54;48;2;24;25;32m▌[38;2;19;16;21;48;2;21;8;10m▌[38;2;240;4;4;48;2;230;125;125m▄[38;2;187;0;0;48;2;242;54;54m▗[38;2;100;0;0;48;2;213;4;4m▄[38;2;10;0;0;48;2;174;0;0m▄[38;2;14;0;0;48;2;176;0;0m▄[38;2;32;14;14;48;2;180;0;0m▄[38;2;160;37;37;48;2;255;111;111m▌[38;2;254;96;96;48;2;248;29;29m▖[38;2;246;0;0;48;2;91;5;7m▌[38;2;38;8;12;48;2;11;11;15m▌[38;2;38;40;52;48;2;39;41;53m▌[48;2;40;42;54m    [0m
[48;2;40;42;54m   [38;2;40;42;54;48;2;24;24;31m▌[38;2;18;15;20;48;2;21;0;0m▌[38;2;239;0;0;48;2;242;0;0m▝[38;2;182;0;0;48;2;229;0;0m▝[38;2;173;40;40;48;2;93;0;0m▄[38;2;128;79;79;48;2;1;0;0m▄[38;2;130;77;77;48;2;3;0;0m▄[38;2;136;77;77;48;2;26;14;14m▄[38;2;138;67;67;48;2;255;132;132m▌[38;2;254;103;103;48;2;242;45;45m▘[38;2;238;0;0;48;2;88;0;0m▌[38;2;36;6;8;48;2;9;9;12m▌[38;2;38;40;52;48;2;39;41;53m▌[48;2;40;42;54m    [0m
[48;2;40;42;54m   [38;2;30;31;40;48;2;39;41;53m▝[38;2;37;39;50;48;2;27;24;31m▄[38;2;38;10;14;48;2;171;4;5m▄[38;2;100;5;7;48;2;236;0;0m▖[38;2;245;4;4;48;2;255;56;56m▄[38;2;245;10;10;48;2;255;112;112m▄[48;2;255;109;109m▄[38;2;240;9;9;48;2;253;103;103m▄[38;2;181;0;0;48;2;233;41;41m▗[38;2;99;4;5;48;2;178;0;0m▄[38;2;123;0;0;48;2;34;21;28m▘[38;2;37;38;50;48;2;27;23;30m▄[38;2;39;41;52;48;2;39;41;53m▘[48;2;40;42;54m    [0m
[48;2;40;42;54m    [38;2;40;42;54;48;2;39;41;53m▄[38;2;36;38;49m▝[38;2;18;10;13;48;2;34;35;45m▝[38;2;23;23;30;48;2;17;7;9m▄[38;2;83;0;0;48;2;16;0;0m▗[38;2;113;0;0;48;2;24;0;0m▄[38;2;14;12;16;48;2;15;1;2m▗[38;2;32;34;43;48;2;17;13;17m▗[38;2;27;26;33;48;2;34;36;46m▘[38;2;40;42;54;48;2;39;41;53m▄[38;2;39;41;53;48;2;40;42;54m▘     [0m
[48;2;40;42;54m       [38;2;32;33;43;48;2;24;24;32m▌[38;2;0;0;0;48;2;155;0;0m▌[38;2;247;0;0;48;2;204;0;0m▗[38;2;15;10;13;48;2;19;0;0m▝[38;2;60;0;0;48;2;23;19;25m▗[38;2;71;0;0;48;2;28;29;37m▄[38;2;86;0;0;48;2;33;31;40m▖[38;2;32;33;42;48;2;39;41;53m▄[38;2;39;41;53;48;2;40;42;54m▄    [0m
[48;2;40;42;54m       [38;2;32;33;43;48;2;24;24;32m▌[38;2;0;0;0;48;2;167;63;63m▌[38;2;233;125;125;48;2;232;4;4m▄[38;2;17;4;4;48;2;34;2;2m▌[38;2;64;0;0;48;2;172;0;0m▌[38;2;194;0;0;48;2;214;0;0m▌[38;2;239;0;0;48;2;89;8;11m▌[38;2;38;11;15;48;2;13;14;18m▌[38;2;38;40;52;48;2;39;41;53m▌[48;2;40;42;54m    [0m
[48;2;40;42;54m       [38;2;32;33;43;48;2;24;24;32m▌[38;2;168;32;32;48;2;50;0;0m▝[38;2;118;0;0;48;2;233;45;45m▄[38;2;14;10;13;48;2;18;1;1m▗[38;2;60;0;0;48;2;23;19;25m▝[38;2;28;29;37;48;2;71;0;0m▄[38;2;86;0;0;48;2;33;31;40m▘[38;2;39;41;53;48;2;32;33;42m▄[38;2;40;42;54;48;2;39;41;53m▄[48;2;40;42;54m    [0m
[48;2;40;42;54m       [38;2;39;40;52;48;2;32;33;43m▄[38;2;38;40;51;48;2;23;23;30m▄[38;2;38;40;52;48;2;22;23;30m▄[48;2;24;25;32m▄[38;2;30;31;40;48;2;39;41;53m▘[48;2;40;42;54m        [0m
[?25h