[?25l[48;2;40;42;54m     [38;2;38;39;51;48;2;39;41;53m▗[38;2;23;23;30;48;2;37;39;50m▗[48;2;38;40;52m▄▄▄▄[48;2;38;40;51m▄[38;2;32;33;43;48;2;39;40;52m▄[48;2;40;42;54m       [0m
[48;2;40;42;54m   [38;2;35;37;47m▗[38;2;32;34;43;48;2;39;41;53m▄[38;2;17;83;13;48;2;28;31;37m▄[38;2;38;224;34;48;2;23;105;22m▗[38;2;32;186;28;48;2;22;101;16m▄[38;2;27;149;24;48;2;24;82;18m▄[38;2;27;152;25;48;2;24;83;18m▄[38;2;28;152;25m▄[38;2;36;165;33m▄[38;2;32;128;27;48;2;24;66;25m▖[38;2;16;53;11;48;2;30;32;41m▖[38;2;32;33;42;48;2;39;41;53m▄[38;2;39;41;53;48;2;40;42;54m▄    [0m
[48;2;40;42;54m   [38;2;40;42;54;48;2;24;25;32m▌[38;2;17;16;21;48;2;11;12;9m▌[38;2;35;156;32;48;2;32;209;28m▄[38;2;35;201;31;48;2;26;144;24m▘[38;2;4;60;0;48;2;20;136;18m▄[38;2;8;2;0;48;2;2;108;2m▄[38;2;8;4;0;48;2;2;109;2m▄[38;2;9;24;2;48;2;5;112;4m▄[38;2;36;243;32;48;2;26;131;22m▗[38;2;36;199;32;48;2;38;160;33m▄[38;2;39;162;35;48;2;19;56;14m▌[38;2;14;23;12;48;2;13;11;15m▌[38;2;38;40;52;48;2;39;41;53m▌[48;2;40;42;54m    [0m
[48;2;40;42;54m   [38;2;40;42;54;48;2;24;24;31m▌[38;2;16;15;20;48;2;10;9;2m▌[38;2;33;152;30;48;2;37;155;33m▝[38;2;0;112;0;48;2;25;145;23m▝[38;2;20;127;16;48;2;3;56;0m▄[38;2;21;119;15;48;2;7;0;0m▄[38;2;21;119;16m▄[38;2;22;123;16;48;2;8;22;2m▄[38;2;22;120;17;48;2;37;228;33m▌[38;2;37;214;33;48;2;31;176;28m▘[38;2;31;153;28;48;2;15;53;9m▌[38;2;11;20;8;48;2;11;9;12m▌[38;2;38;40;52;48;2;39;41;53m▌[48;2;40;42;54m    [0m
[48;2;40;42;54m   [38;2;30;31;40;48;2;39;41;53m▝[38;2;37;39;50;48;2;24;25;31m▄[38;2;14;24;14;48;2;29;111;23m▄[38;2;19;63;14;48;2;37;152;32m▖[38;2;37;159;33;48;2;38;192;34m▄[38;2;37;160;33;48;2;36;221;32m▄[48;2;36;219;32m▄[38;2;35;157;31;48;2;36;215;32m▄[38;2;33;193;30;48;2;21;134;19m▘[38;2;6;59;5;48;2;14;110;12m▄[38;2;2;75;0;48;2;21;26;28m▘[38;2;37;38;50;48;2;23;24;30m▄[38;2;39;41;52;48;2;39;41;53m▘[48;2;40;42;54m    [0m
[48;2;40;42;54m    [38;2;40;42;54;48;2;39;41;53m▄[38;2;36;38;49m▝[38;2;13;12;13;48;2;33;35;45m▝[38;2;23;23;30;48;2;11;9;9m▄[38;2;4;49;0;48;2;8;6;0m▗[38;2;2;68;0;48;2;8;11;1m▄[38;2;14;12;16;48;2;8;5;2m▗[38;2;32;34;43;48;2;14;13;17m▗[38;2;25;26;33;48;2;34;36;46m▘[38;2;40;42;54;48;2;39;41;53m▄[38;2;39;41;53;48;2;40;42;54m▘     [0m
[48;2;40;42;54m       [38;2;32;33;43;48;2;24;24;32m▌[38;2;7;0;0;48;2;22;98;18m▌[38;2;39;159;35;48;2;25;129;21m▗[38;2;12;11;13;48;2;9;7;1m▝[38;2;29;29;38;48;2;11;24;12m▝[38;2;11;44;5;48;2;28;29;37m▄[38;2;18;54;12;48;2;30;32;40m▖[38;2;32;33;42;48;2;39;41;53m▄[38;2;39;41;53;48;2;40;42;54m▄    [0m
[48;2;40;42;54m       [38;2;32;33;43;48;2;24;24;32m▌[38;2;7;0;0;48;2;26;130;21m▌[38;2;32;207;28;48;2;36;150;31m▄[38;2;10;8;2;48;2;7;17;0m▌[38;2;5;36;0;48;2;0;106;0m▌[38;2;13;123;11;48;2;25;139;22m▌[38;2;40;162;35;48;2;20;56;16m▌[38;2;15;24;15;48;2;15;14;18m▌[38;2;38;40;52;48;2;39;41;53m▌[48;2;40;42;54m    [0m
[48;2;40;42;54m       [38;2;32;33;43;48;2;24;24;32m▌[38;2;27;123;22;48;2;11;30;6m▝[38;2;22;74;16;48;2;35;172;31m▄[38;2;12;10;13;48;2;9;7;1m▗[38;2;29;29;38;48;2;11;24;12m▗[38;2;28;29;37;48;2;11;44;5m▄[38;2;18;54;12;48;2;30;32;40m▘[38;2;39;41;53;48;2;32;33;42m▄[38;2;40;42;54;48;2;39;41;53m▄[48;2;40;42;54m    [0m
[48;2;40;42;54m       [38;2;39;40;52;48;2;32;33;43m▄[38;2;38;40;51;48;2;23;23;30m▄[38;2;38;40;52m▄[48;2;24;25;32m▄[38;2;30;31;40;48;2;39;41;53m▘[48;2;40;42;54m        [0m
[?25h