[?25l[48;2;40;42;54m [38;2;26;27;35;48;2;39;41;53m▗[38;2;33;31;37;48;2;37;39;50m▄[38;2;149;145;145;48;2;8;0;0m▄[38;2;126;130;142m▄[38;2;114;122;141m▄▄▄▄▄[38;2;30;29;37;48;2;37;39;50m▄[38;2;26;27;35;48;2;39;41;53m▖[48;2;40;42;54m [0m
[38;2;8;0;0;48;2;37;38;49m▄[38;2;255;255;254;48;2;37;33;37m▗[38;2;248;250;253;48;2;69;63;64m▄[38;2;195;215;247;48;2;246;249;253m▄[38;2;228;237;250;48;2;183;206;244m▘[38;2;171;199;243;48;2;191;212;246m▄▄▄[48;2;190;211;245m▖[48;2;195;215;247m [38;2;195;215;247;48;2;55;54;63m▄[48;2;32;30;37m▖[38;2;8;0;0;48;2;37;38;49m▄[0m
[48;2;8;0;0m [38;2;29;24;27;48;2;203;220;248m▌[38;2;192;213;246;48;2;208;223;248m▄[38;2;171;199;243;48;2;177;203;244m▄[38;2;180;187;175;48;2;191;161;52m▌[38;2;197;159;6;48;2;188;167;74m▄[38;2;207;175;5m▄▄[38;2;197;171;52;48;2;230;223;181m▌[38;2;255;255;254;48;2;237;243;252m▄[38;2;206;222;248;48;2;195;215;247m▌[38;2;195;215;247;48;2;28;23;27m▌[48;2;8;0;0m [0m
[48;2;8;0;0m [38;2;28;23;27;48;2;195;215;247m▌[38;2;189;211;246;48;2;194;214;246m▝[38;2;191;212;246;48;2;171;199;243m▄[38;2;228;231;227;48;2;187;170;116m▄[38;2;247;242;218;48;2;204;171;5m▄[38;2;252;251;217;48;2;239;227;0m▄▄[38;2;239;227;0;48;2;240;242;209m▘[38;2;203;220;248;48;2;255;255;254m▄[38;2;177;203;243;48;2;201;219;247m▄[38;2;184;208;245;48;2;27;22;27m▌[48;2;8;0;0m [0m
[38;2;40;42;54;48;2;26;27;35m▄[38;2;114;122;141;48;2;27;27;35m▝[38;2;35;33;38;48;2;123;132;152m▄[48;2;195;215;247m [38;2;229;237;251;48;2;198;217;247m▝[38;2;195;215;247;48;2;229;237;251m▄▄▄[38;2;229;237;251;48;2;191;212;246m▘[38;2;171;199;243;48;2;184;208;245m▄[38;2;31;31;38;48;2;110;123;150m▄[38;2;101;113;138;48;2;27;27;35m▘[38;2;40;42;54;48;2;26;27;35m▄[0m
[48;2;40;42;54m  [38;2;40;42;54;48;2;38;38;49m▌[38;2;30;31;40;48;2;8;0;0m▄[38;2;25;25;33m▖[38;2;8;0;0;48;2;60;73;105m▌[38;2;143;178;239;48;2;107;151;235m▄[38;2;60;73;105;48;2;8;0;0m▌[38;2;25;25;33m▗[38;2;30;31;40m▄[38;2;38;38;49;48;2;40;42;54m▌  [0m
[48;2;40;42;54m    [38;2;32;34;44;48;2;8;0;0m▌[38;2;8;0;0;48;2;86;92;108m▌[38;2;195;215;247;48;2;174;201;243m▄[38;2;86;92;108;48;2;8;0;0m▌[38;2;30;31;40m▝[38;2;8;0;0;48;2;37;38;49m▄▄[48;2;37;39;50m▖[48;2;40;42;54m [0m
[48;2;40;42;54m    [38;2;32;34;44;48;2;8;0;0m▌[38;2;8;0;0;48;2;94;97;109m▌[38;2;212;226;249;48;2;195;215;247m▄[38;2;78;107;167;48;2;131;163;226m▝[38;2;129;167;237;48;2;94;119;169m▄[38;2;171;199;243;48;2;124;142;173m▄[38;2;192;213;246;48;2;139;152;175m▄[38;2;170;186;214;48;2;27;24;29m▌[38;2;8;0;0;48;2;22;22;28m▄[0m
[48;2;40;42;54m    [38;2;32;34;44;48;2;8;0;0m▌[38;2;8;0;0;48;2;106;105;111m▌[38;2;203;220;248;48;2;255;255;254m▄[38;2;73;79;93;48;2;143;175;239m▄[38;2;25;23;33;48;2;129;167;237m▄[38;2;31;28;34;48;2;171;199;243m▄[38;2;33;30;35;48;2;192;213;246m▄[38;2;195;215;247;48;2;32;30;37m▘[38;2;37;38;49;48;2;8;0;0m▄[0m
[48;2;40;42;54m    [38;2;32;34;44;48;2;8;0;0m▌[38;2;55;54;62m▝[38;2;8;0;0;48;2;114;122;141m▄[38;2;55;54;62;48;2;8;0;0m▘[38;2;32;34;44;48;2;14;12;16m▗[38;2;40;42;54;48;2;26;27;35m▄▄[38;2;26;27;35;48;2;39;41;53m▘[48;2;40;42;54m [0m
[?25h