[?25l[48;2;40;42;54m                              [0m
[48;2;40;42;54m                       [38;2;22;41;60;48;2;38;41;54m▗[38;2;29;63;94;48;2;28;41;57m▗[48;2;26;41;58m▖[38;2;23;41;60;48;2;39;41;54m▖[48;2;40;42;54m   [0m
[48;2;40;42;54m                    [38;2;38;41;54m▗[38;2;26;41;58;48;2;39;41;54m▄[38;2;38;87;136;48;2;25;42;61m▗[38;2;46;99;157;48;2;24;53;79m▖[38;2;21;48;71;48;2;32;72;106m▄[38;2;30;67;99;48;2;20;41;60m▘[38;2;21;41;60;48;2;37;41;54m▘[48;2;40;42;54m   [0m
[48;2;40;42;54m                  [38;2;37;41;55m▗[38;2;19;41;60;48;2;36;41;55m▗[38;2;44;96;151;48;2;25;43;63m▗[38;2;22;47;71;48;2;49;105;167m▘[38;2;23;50;74;48;2;48;103;163m▗[38;2;44;94;144;48;2;23;45;66m▘[38;2;36;41;55;48;2;22;42;62m▄[38;2;34;41;56;48;2;40;42;54m▘    [0m
[48;2;40;42;54m                [38;2;35;41;56;48;2;39;41;54m▗[38;2;21;47;71;48;2;35;41;55m▗[38;2;48;104;167;48;2;26;48;73m▗[38;2;25;54;83;48;2;50;109;175m▘[38;2;32;70;109;48;2;53;114;182m▄[38;2;42;91;141;48;2;23;43;63m▘[38;2;37;41;55;48;2;23;41;59m▄[38;2;35;41;56;48;2;40;42;54m▘      [0m
[48;2;40;42;54m              [38;2;33;41;56m▗[38;2;23;50;77;48;2;33;41;56m▗[38;2;49;105;170;48;2;27;53;82m▗[38;2;29;63;99;48;2;50;108;174m▘[38;2;31;66;102;48;2;52;112;180m▄[38;2;39;85;131;48;2;25;43;63m▘[38;2;37;41;54;48;2;25;41;58m▄[38;2;35;41;55;48;2;40;42;54m▘        [0m
[48;2;40;42;54m            [38;2;32;41;57m▗[38;2;23;49;76;48;2;32;41;56m▗[38;2;61;115;180;48;2;28;57;89m▗[38;2;40;84;133;48;2;57;117;187m▚[38;2;28;60;92;48;2;51;109;175m▄[38;2;36;77;119;48;2;25;43;63m▘[38;2;21;41;60;48;2;36;41;55m▘[38;2;36;41;55;48;2;40;42;54m▘          [0m
[48;2;40;42;54m          [38;2;32;41;57m▗[38;2;21;46;70;48;2;31;41;57m▗[38;2;54;106;168;48;2;22;44;66m▄[38;2;43;91;142;48;2;63;122;192m▚[38;2;26;54;82;48;2;57;113;177m▄[38;2;34;69;106;48;2;25;42;61m▘[38;2;20;41;60;48;2;37;41;54m▘[38;2;37;41;54;48;2;40;42;54m▘            [0m
[48;2;40;42;54m       [38;2;31;41;57;48;2;39;41;54m▗[38;2;23;41;59m▄[38;2;22;48;72;48;2;34;41;55m▄[38;2;62;108;160;48;2;20;44;66m▄[38;2;48;100;157;48;2;65;124;194m▚[38;2;24;53;79;48;2;56;111;173m▄[38;2;28;58;86;48;2;25;41;59m▘[38;2;21;41;60;48;2;38;41;54m▘[48;2;40;42;54m               [0m
[48;2;40;42;54m      [38;2;23;41;59;48;2;36;41;55m▄[38;2;94;96;87;48;2;31;48;62m▗[38;2;165;156;127;48;2;92;90;77m▄[38;2;107;115;112;48;2;53;106;166m▄[38;2;78;110;133;48;2;56;106;158m▄[38;2;74;100;117;48;2;36;78;117m▄[38;2;39;87;129;48;2;87;89;79m▘[38;2;19;41;61;48;2;26;41;59m▌[48;2;40;42;54m                [0m
[48;2;40;42;54m  [38;2;39;41;54m▗[38;2;33;41;56m▄[38;2;30;41;57;48;2;39;41;54m▄[38;2;31;49;63;48;2;38;41;54m▄[38;2;48;62;72;48;2;22;41;60m▄[38;2;102;100;85;48;2;150;143;117m▘[38;2;151;143;116;48;2;192;182;151m▗[38;2;158;149;122;48;2;115;107;85m▝[38;2;136;128;104;48;2;158;149;122m▘[38;2;99;93;75;48;2;131;123;100m▄[38;2;94;89;72;48;2;37;54;67m▘[38;2;34;51;65;48;2;25;41;59m▄[38;2;26;43;60;48;2;38;41;54m▄[38;2;33;41;56;48;2;40;42;54m▄[38;2;37;41;55m▖             [0m
[48;2;40;42;54m  [38;2;40;42;54;48;2;37;41;54m▌[38;2;28;41;58;48;2;22;43;61m▄[38;2;27;41;58;48;2;53;65;72m▄[48;2;95;96;86m▄[38;2;25;41;58;48;2;114;113;97m▄[38;2;61;69;71;48;2;128;121;99m▄[38;2;168;159;130;48;2;108;105;89m▘[38;2;56;66;70;48;2;128;120;97m▄[38;2;68;74;73;48;2;141;133;107m▄[38;2;100;101;90;48;2;128;120;96m▄[38;2;89;91;82;48;2;141;133;108m▄[38;2;48;61;70;48;2;104;103;90m▄[38;2;85;84;74;48;2;34;50;64m▘[38;2;45;58;66;48;2;25;41;59m▘[38;2;21;41;60;48;2;38;41;54m▘[48;2;40;42;54m             [0m
[48;2;40;42;54m      [38;2;37;41;55m▝[38;2;39;41;54;48;2;27;41;58m▄[38;2;36;41;55;48;2;42;56;64m▄[38;2;37;41;54;48;2;22;41;60m▄[38;2;40;42;54;48;2;28;41;58m▄▄▄▄[38;2;28;41;58;48;2;38;41;54m▘[48;2;40;42;54m               [0m
[48;2;40;42;54m                              [0m
[?25h