[?25l[49m     [49m [38;2;4;1;2;49m▄[38;2;5;1;2m▄[38;2;5;0;2;49m▄[38;2;6;0;2;49m▄[38;2;7;0;2m▄[38;2;6;0;2m▄[38;2;3;0;0;49m▄[49m [49m      [0m
[49m   [49m [49m [38;2;69;63;64;48;2;5;0;2m▄[38;2;240;244;249;48;2;123;121;122m▗[38;2;216;228;245;48;2;116;117;125m▄[38;2;189;211;245;48;2;101;107;124m▄[38;2;189;210;245;48;2;102;107;124m▄[38;2;190;210;246;48;2;102;106;123m▄[38;2;194;213;247;48;2;103;106;124m▄[38;2;198;214;242;48;2;67;68;79m▖[38;2;55;53;59;48;2;15;12;12m▄[49m [49m     [0m
[49m  [49m [38;2;3;1;1;48;2;5;1;2m▌[38;2;3;0;6;48;2;5;0;2m▗[38;2;197;214;242;48;2;253;255;255m▄[38;2;225;235;246;48;2;185;206;242m▘[38;2;127;12;20;48;2;189;200;235m▗[38;2;144;5;7;48;2;182;194;235m▄[38;2;145;3;6m▄[38;2;144;4;7;48;2;184;193;235m▄[38;2;188;128;131;48;2;212;225;246m▖[38;2;250;255;255;48;2;197;215;241m▖[38;2;197;215;243;48;2;101;107;122m▌[38;2;6;0;1;48;2;3;0;0m▌[49m [49m    [0m
[49m  [49m [38;2;3;1;1;48;2;5;0;2m▌[38;2;7;0;2;48;2;4;0;7m▌[38;2;199;214;242;48;2;194;215;247m▌[38;2;173;198;243;48;2;185;207;246m▝[38;2;193;196;233;48;2;162;93;96m▌[38;2;207;127;126;48;2;174;2;2m▄[38;2;239;127;126;48;2;226;2;1m▄[38;2;239;127;130;48;2;226;2;2m▄[38;2;222;156;161;48;2;239;242;250m▌[38;2;236;245;251;48;2;191;211;239m▌[38;2;190;210;243;48;2;99;104;123m▌[38;2;8;0;2;48;2;5;0;0m▌[49m [49m    [0m
[49m  [49m [38;2;3;1;1;49m▀[38;2;3;1;4;49m▀[38;2;5;0;3;48;2;148;161;185m▄[38;2;101;108;122;48;2;187;206;235m▖[38;2;238;244;250;48;2;197;214;242m▝[38;2;197;214;245;48;2;240;244;250m▄[38;2;195;214;248m▄[38;2;199;213;245;48;2;238;244;251m▄[38;2;215;227;245;48;2;183;204;240m▘[38;2;3;0;9;48;2;169;186;220m▗[38;2;132;149;177;48;2;49;51;61m▘[38;2;20;16;18;49m▀[49m     [0m
[49m    [49m [49m [38;2;4;0;3;49m▀[38;2;3;1;2;48;2;5;0;2m▖[38;2;5;0;4;48;2;71;85;120m▌[38;2;158;187;238;48;2;115;151;223m▄[38;2;3;0;16;48;2;6;0;6m▘[38;2;4;0;1;48;2;6;0;4m▄[38;2;2;0;3;49m▀[49m [49m [49m     [0m
[49m     [49m [49m [38;2;1;0;1;48;2;4;0;0m▌[38;2;7;0;1;48;2;98;105;122m▌[38;2;197;214;243;48;2;184;207;241m▄[38;2;32;38;60;48;2;4;1;4m▄[38;2;44;47;60;48;2;5;1;0m▄[38;2;51;51;61;48;2;3;0;1m▄[38;2;54;53;60;48;2;14;12;13m▄[49m [49m     [0m
[49m       [38;2;2;0;0;48;2;7;0;0m▌[38;2;7;0;1;48;2;116;116;124m▌[38;2;249;254;255;48;2;196;214;245m▄[38;2;115;149;225;48;2;109;151;233m▌[38;2;139;175;237;48;2;169;200;241m▌[38;2;171;200;236;48;2;197;215;244m▌[38;2;198;215;242;48;2;101;107;122m▌[38;2;5;0;2;48;2;3;0;2m▖[49m [49m    [0m
[49m       [38;2;2;0;1;48;2;5;0;0m▌[38;2;108;113;123;48;2;32;30;35m▝[38;2;104;106;122;48;2;209;225;244m▄[38;2;7;0;1;48;2;33;37;59m▄[38;2;6;0;0;48;2;45;46;59m▄[38;2;5;0;1;48;2;51;52;61m▄[38;2;14;12;14;48;2;54;53;61m▄[49m [49m [49m    [0m
[49m       [38;2;3;0;1;49m▀[38;2;5;0;1;49m▀[38;2;7;0;2;49m▀[38;2;6;0;0;49m▀[38;2;3;1;1;49m▀[49m [49m [49m [49m     [0m
[?25h