[?25l[48;2;40;42;54m                    [0m
[48;2;40;42;54m  [38;2;39;41;53m▗[38;2;36;38;49m▄▄▄▄▄▄▄[38;2;33;33;43;48;2;38;40;51m▗[38;2;35;29;29;48;2;33;34;44m▄[38;2;41;35;35m▄[38;2;44;38;38m▄▄▄[38;2;24;18;18m▄[38;2;8;0;0m▖[48;2;40;42;54m  [0m
[48;2;40;42;54m  [38;2;40;42;54;48;2;36;37;48m▌[48;2;8;0;0m [38;2;139;137;137;48;2;38;35;35m▗[48;2;8;0;0m▄▄▄▄▄[38;2;147;145;145;48;2;31;26;26m▄[38;2;209;209;209;48;2;167;167;167m▄[38;2;191;191;191;48;2;217;217;217m▘[48;2;219;219;219m   [38;2;155;152;152;48;2;8;0;0m▌[38;2;8;0;0;48;2;30;31;40m▌[48;2;40;42;54m  [0m
[48;2;40;42;54m  [38;2;40;42;54;48;2;36;37;48m▌[48;2;8;0;0m [38;2;79;74;74;48;2;167;167;167m▌   [38;2;171;171;171m▗[38;2;195;195;195;48;2;172;172;172m▗[38;2;219;219;219;48;2;193;193;193m▄[48;2;219;219;219m   [38;2;218;218;218m▗[38;2;214;214;214m▄[38;2;153;150;150;48;2;8;0;0m▌[38;2;8;0;0;48;2;30;31;40m▌[48;2;40;42;54m  [0m
[48;2;40;42;54m  [38;2;40;42;54;48;2;36;37;48m▌[48;2;8;0;0m [38;2;79;74;74;48;2;167;167;167m▌  [38;2;214;214;214m▄[38;2;180;180;180;48;2;218;218;218m▘[48;2;219;219;219m    [38;2;182;182;182m▗[38;2;170;170;170;48;2;217;217;217m▄[48;2;167;167;167m [38;2;118;116;116;48;2;8;0;0m▌[38;2;8;0;0;48;2;30;31;40m▌[48;2;40;42;54m  [0m
[48;2;40;42;54m  [38;2;40;42;54;48;2;36;37;48m▌[48;2;8;0;0m [38;2;81;76;76;48;2;172;172;172m▌[38;2;206;206;206;48;2;177;177;177m▗[38;2;219;219;219;48;2;196;196;196m▄[38;2;218;218;218;48;2;219;219;219m▘  [38;2;216;216;216m▗[38;2;208;208;208m▄[38;2;167;167;167;48;2;193;193;193m▗[38;2;189;189;189;48;2;171;171;171m▘[38;2;177;177;177;48;2;167;167;167m▄[38;2;207;207;207;48;2;195;195;195m▄[38;2;143;140;140;48;2;8;0;0m▌[38;2;8;0;0;48;2;30;31;40m▌[48;2;40;42;54m  [0m
[48;2;40;42;54m  [38;2;40;42;54;48;2;36;37;48m▌[48;2;8;0;0m [38;2;102;98;98;48;2;219;219;219m▌    [38;2;191;191;191;48;2;218;218;218m▗[38;2;167;167;167;48;2;209;209;209m▄[48;2;167;167;167m [38;2;219;219;219;48;2;176;176;176m▗[38;2;175;175;175;48;2;211;211;211m▚[38;2;167;167;167;48;2;214;214;214m▄[48;2;167;167;167m [38;2;118;116;116;48;2;8;0;0m▌[38;2;8;0;0;48;2;30;31;40m▌[48;2;40;42;54m  [0m
[48;2;40;42;54m  [38;2;40;42;54;48;2;36;37;48m▌[48;2;8;0;0m [38;2;219;219;219;48;2;112;108;108m▝[38;2;150;147;147;48;2;219;219;219m▄▄▄[38;2;128;125;125;48;2;195;195;195m▄[38;2;115;112;112;48;2;178;178;178m▄[38;2;102;99;99;48;2;154;154;154m▄[38;2;23;23;30;48;2;56;50;50m▄[48;2;67;62;62m▄[48;2;66;60;60m▄[48;2;56;50;50m▄▄[38;2;41;35;35;48;2;19;18;24m▘[38;2;17;16;21;48;2;31;33;42m▌[48;2;40;42;54m  [0m
[48;2;40;42;54m  [38;2;36;38;49m▝[38;2;40;42;54;48;2;18;17;22m▄▄▄▄▄▄▄[48;2;21;21;27m▄[48;2;40;42;54m         [0m
[48;2;40;42;54m                    [0m
[?25h