[?25l[38;2;40;42;54;49m▄▄▄▄▄▄▄▄▄▄▄▄▄▄▄▄▄▄▄▄▄▄▄▄▄▄▄▄▄▄▄▄[0m
[48;2;40;42;54m                   [38;2;37;39;50m▄[38;2;36;38;48m▄[38;2;39;41;53m▄          [0m
[48;2;40;42;54m                 [38;2;38;40;51;48;2;39;41;53m▄[38;2;14;14;19;48;2;38;39;51m▄[38;2;121;94;9;48;2;33;28;28m▄[38;2;180;142;6;48;2;33;21;1m▄[38;2;42;29;1;48;2;35;36;46m▄[38;2;30;29;36;48;2;38;40;52m▄[38;2;39;41;53;48;2;40;42;54m▄        [0m
[48;2;40;42;54m                 [38;2;38;40;52m▄[38;2;25;26;34m▄[38;2;91;72;19;48;2;23;24;31m▄[38;2;131;103;4;48;2;7;2;0m▄[38;2;167;122;6;48;2;175;139;5m▄[38;2;154;116;5;48;2;98;78;5m▄[38;2;120;94;11;48;2;15;16;20m▄[38;2;23;24;30;48;2;39;41;53m▄[38;2;35;37;48;48;2;40;42;54m▄      [0m
[48;2;40;42;54m              [38;2;37;39;50m▄[38;2;28;29;38m▄[38;2;57;46;27;48;2;34;35;46m▄[38;2;111;85;3;48;2;27;27;32m▄[38;2;187;139;7;48;2;107;83;6m▄[38;2;109;75;4;48;2;158;118;5m▄[38;2;65;40;5;48;2;181;133;7m▄[38;2;29;29;36;48;2;75;48;3m▄[38;2;28;30;38;48;2;74;51;2m▄[38;2;31;30;36;48;2;95;72;3m▄[38;2;104;80;3;48;2;121;94;4m▄[38;2;47;37;29;48;2;50;39;26m▄[38;2;31;33;42;48;2;29;31;40m▄[48;2;40;42;54m     [0m
[48;2;40;42;54m       [38;2;39;40;52m▄[38;2;38;40;51m▄▄[38;2;39;41;53m▄▄▄[38;2;25;24;30;48;2;34;35;46m▄[38;2;61;44;2;48;2;37;33;34m▄[38;2;208;165;7;48;2;83;63;2m▄[38;2;169;125;6;48;2;133;100;4m▄[38;2;116;75;6;48;2;177;132;6m▄[38;2;8;8;10;48;2;86;55;3m▄[38;2;33;34;44;48;2;38;30;29m▄[38;2;40;42;54;48;2;27;28;36m▄[48;2;38;40;52m▄[48;2;40;42;54m [48;2;38;40;52m▄[48;2;26;27;35m▄[48;2;36;38;49m▄[48;2;40;42;54m      [0m
[48;2;40;42;54m    [38;2;39;41;53m▄[38;2;38;40;51;48;2;39;41;53m▄[38;2;14;14;19;48;2;40;42;54m▄[38;2;73;70;70;48;2;26;26;33m▄[38;2;114;113;113;48;2;12;6;6m▄[38;2;111;110;110;48;2;13;8;9m▄[38;2;29;24;27;48;2;35;37;47m▄[38;2;23;16;14;48;2;38;39;51m▄[38;2;172;137;7;48;2;13;11;15m▄[38;2;163;118;6;48;2;125;97;7m▄[38;2;117;78;6;48;2;180;139;6m▄[38;2;14;5;0;48;2;146;99;6m▄[38;2;29;28;35;48;2;81;52;6m▄[38;2;39;41;53;48;2;15;15;20m▄[48;2;38;40;52m▄[38;2;40;42;54;48;2;39;41;53m▄[48;2;40;42;54m            [0m
[48;2;40;42;54m  [38;2;36;38;49m▄[38;2;15;16;21m▄[38;2;98;96;96;48;2;22;23;30m▄[38;2;130;129;129;48;2;19;15;18m▄[38;2;196;196;196;48;2;122;121;121m▄[38;2;175;175;175;48;2;172;172;172m▄[38;2;155;155;155;48;2;180;180;180m▄[38;2;145;145;145;48;2;117;117;117m▄[38;2;123;123;123;48;2;107;106;106m▄[38;2;117;117;118;48;2;106;105;103m▄[38;2;117;117;119;48;2;132;128;110m▄[38;2;106;106;107;48;2;59;50;37m▄[38;2;77;75;77;48;2;23;19;24m▄[38;2;15;15;20;48;2;38;40;51m▄[38;2;30;31;40;48;2;38;40;52m▄[48;2;40;42;54m               [0m
[48;2;40;42;54m  [38;2;37;39;50;48;2;36;37;48m▄[38;2;24;25;32;48;2;2;0;0m▄[38;2;107;104;104;48;2;143;142;142m▄[38;2;133;131;131;48;2;186;186;186m▄[38;2;151;151;151;48;2;182;182;182m▄[48;2;161;161;161m▄[38;2;150;150;150;48;2;148;148;148m▄[48;2;151;151;151m▄[38;2;151;151;151;48;2;135;135;135m▄[38;2;152;152;152;48;2;131;131;131m▄[38;2;160;160;160;48;2;132;132;132m▄[38;2;105;103;103;48;2;130;130;130m▄[38;2;59;56;57;48;2;97;96;96m▄[38;2;23;24;31;48;2;4;0;0m▄[38;2;32;34;43;48;2;27;28;37m▄[48;2;40;42;54m               [0m
[48;2;40;42;54m    [38;2;40;42;54;48;2;27;28;36m▄[38;2;38;40;52;48;2;22;23;28m▄[38;2;21;22;29;48;2;98;95;95m▄[38;2;75;73;74;48;2;135;135;135m▄[38;2;126;124;124;48;2;155;155;155m▄[38;2;152;152;152;48;2;150;150;150m▄[38;2;123;122;122;48;2;153;153;153m▄[38;2;106;104;104;48;2;149;149;149m▄[38;2;18;19;24;48;2;110;107;107m▄[38;2;34;35;46;48;2;44;43;45m▄[38;2;40;42;54;48;2;27;28;37m▄[48;2;40;42;54m                 [0m
[48;2;40;42;54m       [38;2;38;40;51;48;2;24;25;33m▄[38;2;34;34;44;48;2;33;31;31m▄[38;2;32;26;26;48;2;158;159;159m▄[38;2;34;35;44;48;2;32;30;30m▄[38;2;37;38;49;48;2;11;12;15m▄[48;2;39;41;53m [48;2;40;42;54m                   [0m
[48;2;40;42;54m        [38;2;40;42;54;48;2;39;40;52m▄[48;2;34;36;47m▄[48;2;39;40;52m▄[48;2;40;42;54m                     [0m
[?25h