[?25l[49m                    [0m
[49m        [49m [38;2;73;51;61;49m▄[38;2;115;75;97;49m▄[38;2;166;131;153;49m▄[38;2;118;75;99;49m▄[38;2;75;48;59;49m▄[49m [49m     [0m
[49m       [38;2;77;55;63;49m▄[38;2;187;152;175;48;2;88;61;74m▗[38;2;246;210;242;48;2;149;108;134m▄[38;2;248;182;235;48;2;247;221;244m▄[38;2;249;181;237;48;2;251;223;249m▄[38;2;254;209;250;48;2;246;178;233m▌[38;2;170;106;150;48;2;241;163;228m▝[38;2;247;155;229;48;2;121;63;95m▄[38;2;220;132;195;48;2;108;61;88m▖[38;2;84;47;63;49m▄[49m [49m  [0m
[49m    [49m [38;2;77;54;64;49m▄[38;2;186;155;178;48;2;84;55;70m▗[38;2;244;196;238;48;2;150;119;138m▄[38;2;248;166;231;48;2;247;213;243m▄[38;2;223;129;183;48;2;246;177;234m▄[38;2;226;129;187;48;2;215;110;167m▚[38;2;238;132;201;48;2;234;120;186m▝[38;2;237;122;193;48;2;244;148;218m▖[38;2;249;158;231;48;2;252;174;243m▌[38;2;253;159;232;48;2;253;161;236m▗[38;2;206;110;163;48;2;245;150;222m▗[38;2;130;57;93;48;2;82;46;62m▌[49m [49m  [0m
[49m   [38;2;69;50;57;49m▄[38;2;190;126;170;48;2;91;58;75m▗[38;2;247;168;232;48;2;150;105;134m▄[38;2;239;180;230;48;2;248;166;234m▘[38;2;215;118;173;48;2;246;160;228m▄[38;2;243;145;212;48;2;218;119;174m▗[38;2;225;121;178;48;2;249;161;230m▘[38;2;248;164;234;48;2;252;174;240m▚[38;2;253;190;245;48;2;247;162;231m▗[38;2;254;202;250;48;2;250;174;237m▖[38;2;210;114;168;48;2;246;162;227m▗[38;2;240;144;210;48;2;201;105;149m▘[38;2;163;77;110;48;2;189;97;134m▗[38;2;114;49;76;48;2;80;45;60m▌[49m [49m  [0m
[49m   [38;2;81;49;63;48;2;125;64;96m▌[38;2;229;145;204;48;2;250;159;234m▌[38;2;253;158;233;48;2;253;161;236m▖[38;2;243;143;216;48;2;251;162;236m▝[38;2;252;158;232;48;2;231;125;188m▄[38;2;253;175;242;48;2;244;150;221m▝[38;2;251;176;239;48;2;246;164;231m▚[38;2;250;174;239;48;2;249;166;236m▄[38;2;221;119;173;48;2;247;168;230m▗[38;2;239;158;212;48;2;210;111;158m▘[38;2;205;108;148;48;2;196;101;142m▖[38;2;98;43;66;48;2;173;88;121m▗[38;2;141;66;95;48;2;82;48;61m▘[38;2;70;47;58;49m▀[49m [49m  [0m
[49m   [38;2;82;45;61;48;2;125;55;84m▌[38;2;192;100;137;48;2;213;114;159m▖[38;2;239;149;204;48;2;225;127;185m▖[38;2;234;148;206;48;2;248;171;234m▄[38;2;227;139;198;48;2;249;186;240m▖[38;2;236;153;210;48;2;250;184;241m▄[38;2;217;116;171;48;2;253;180;240m▄[38;2;242;151;213;48;2;209;112;156m▘[38;2;193;101;137;48;2;206;107;148m▗[38;2;127;60;89;48;2;194;101;139m▄[38;2;141;67;96;48;2;81;46;59m▘[38;2;71;49;57;49m▀[49m [49m    [0m
[49m   [38;2;81;45;60;49m▀[38;2;171;89;122;48;2;95;52;69m▝[38;2;105;50;74;48;2;199;105;147m▄[38;2;158;78;112;48;2;217;116;164m▄[38;2;196;103;141;48;2;219;117;166m▄[38;2;212;113;157;48;2;184;89;127m▘[38;2;168;78;112;48;2;190;95;133m▄[38;2;122;57;84;48;2;188;98;133m▄[38;2;146;71;101;48;2;83;49;62m▘[38;2;71;48;57;49m▀[49m [49m [49m     [0m
[49m     [49m [38;2;74;46;57;49m▀[38;2;104;48;71;49m▀[38;2;124;54;83;49m▀[38;2;100;44;68;49m▀[38;2;70;47;57;49m▀[49m [49m [49m       [0m
[49m           [49m [49m [49m [49m [49m     [0m
[?25h