[?25l[48;2;40;42;54m                    [0m
[48;2;40;42;54m        [38;2;40;42;54;48;2;39;41;53m▌[38;2;18;18;23;48;2;39;40;52m▄[38;2;11;9;11m▄▄▄▄[38;2;30;32;41;48;2;39;41;53m▖[48;2;40;42;54m     [0m
[48;2;40;42;54m      [38;2;33;34;44;48;2;39;41;53m▗[38;2;40;42;54;48;2;33;32;41m▘[38;2;70;36;23;48;2;23;23;30m▄[38;2;171;92;61;48;2;118;64;43m▗[38;2;160;83;55;48;2;114;59;39m▄[38;2;144;69;47;48;2;104;51;34m▄[38;2;133;60;41;48;2;101;48;32m▄[38;2;111;43;31;48;2;78;29;21m▄[38;2;47;20;19;48;2;17;16;21m▌[38;2;18;19;24;48;2;36;38;50m▌[48;2;40;42;54m    [0m
[48;2;40;42;54m   [38;2;39;41;53m▗▄[38;2;20;19;25;48;2;38;40;51m▄[38;2;158;87;56;48;2;28;24;31m▗[38;2;173;95;62;48;2;52;27;17m▄[38;2;150;74;50;48;2;179;99;65m▄[38;2;116;49;36;48;2;152;76;51m▄[38;2;70;28;21;48;2;143;70;48m▄[38;2;11;5;5;48;2;124;57;39m▄[38;2;11;5;6;48;2;103;39;28m▄▄[38;2;51;17;12;48;2;9;4;4m▘[38;2;35;37;47;48;2;10;7;10m▝[38;2;11;8;11;48;2;38;40;51m▄▄[38;2;32;33;42;48;2;39;41;53m▖[38;2;39;41;53;48;2;40;42;54m▄[0m
[48;2;40;42;54m  [38;2;27;28;36;48;2;39;41;53m▗[38;2;30;25;31;48;2;37;39;50m▄[38;2;114;62;40;48;2;13;12;16m▄[38;2;101;55;36;48;2;157;84;55m▘[38;2;164;88;58;48;2;153;77;52m▌[38;2;152;76;51;48;2;139;66;45m▌[38;2;110;42;31;48;2;114;45;32m▄[38;2;38;34;42;48;2;60;76;98m▄[38;2;21;32;45;48;2;43;80;109m▄[38;2;23;38;51;48;2;45;93;126m▄[38;2;27;46;61;48;2;54;111;148m▄▄[38;2;31;56;74;48;2;64;136;178m▄[38;2;33;60;78;48;2;68;144;188m▄[38;2;32;58;75;48;2;66;139;182m▄[38;2;27;46;61;48;2;54;111;148m▄[38;2;13;12;16;48;2;27;34;45m▝[38;2;18;18;23;48;2;36;38;48m▘[0m
[48;2;40;42;54m [38;2;8;0;0;48;2;32;34;43m▗[38;2;164;94;60;48;2;36;25;28m▗[38;2;185;105;68;48;2;75;39;25m▄[38;2;162;85;57;48;2;172;93;61m▄[38;2;151;75;51;48;2;161;84;56m▝[38;2;161;84;56;48;2;149;73;50m▖[38;2;151;75;51;48;2;137;64;43m▘[38;2;111;43;31;48;2;110;42;30m▌[38;2;93;35;25;48;2;51;17;12m▄[38;2;79;30;22;48;2;24;11;14m▖[38;2;36;38;49;48;2;16;16;20m▗[38;2;40;42;54;48;2;22;22;29m▄▄▄▄▄▄[38;2;34;36;46;48;2;40;42;54m▘ [0m
[48;2;40;42;54m [38;2;28;29;37;48;2;8;0;0m▌[38;2;12;3;2;48;2;184;113;71m▌[48;2;211;131;83m   [38;2;203;123;78;48;2;121;52;36m▌[38;2;82;31;22;48;2;110;42;30m▗[38;2;21;6;5;48;2;109;42;30m▄[38;2;34;35;45;48;2;28;9;8m▄[38;2;15;15;19;48;2;38;40;51m▘[48;2;40;42;54m         [0m
[48;2;40;42;54m [38;2;8;0;0;48;2;29;30;39m▝[38;2;184;113;71;48;2;59;38;31m▝[38;2;116;70;44;48;2;211;131;83m▄▄▄[38;2;198;121;77;48;2;75;44;33m▘[38;2;29;30;39;48;2;47;20;19m▄[38;2;39;41;53;48;2;30;31;40m▄[38;2;37;38;49;48;2;40;42;54m▘          [0m
[48;2;40;42;54m  [38;2;21;21;28;48;2;39;41;53m▝[38;2;39;41;53;48;2;17;16;20m▄▄▄[38;2;20;19;25;48;2;38;40;52m▘[48;2;40;42;54m             [0m
[48;2;40;42;54m                    [0m
[?25h